[1400, 0]
[1400, 207]
[1400, 414]
[1400, 621]
[1400, 828]
[1400, 1035]
[1400, 1242]
[1400, 1450]
[1200, 0]
[1200, 207]
[1200, 414]
[1200, 621]
[1200, 828]
[1200, 1035]
[1200, 1242]
[1200, 1450]
[1000, 0]
[1000, 207]
[1000, 414]
[1000, 621]
[1000, 828]
[1000, 1035]
[1000, 1242]
[1000, 1450]
[800, 0]
[800, 207]
[800, 414]
[800, 621]
[800, 828]
[800, 1035]
[800, 1242]
[800, 1450]
[600, 0]
[600, 207]
[600, 414]
[600, 621]
[600, 828]
[600, 1035]
[600, 1242]
[600, 1450]
[400, 0]
[400, 207]
[400, 414]
[400, 621]
[400, 828]
[400, 1035]
[400, 1242]
[400, 1450]
[200, 0]
[200, 207]
[200, 414]
[200, 621]
[200, 828]
[200, 1035]
[200, 1242]
[200, 1450]
[0, 0]
[0, 207]
[0, 414]
[0, 621]
[0, 828]
[0, 1035]
[0, 1242]
[0, 1450]
